0.69687,20,0.30137
0.67915,22,0.30137
0.73834,20,0.29863
0.73873,22,0.29863
0.77264,20,0.29589
0.77758,22,0.29589
0.78467,20,0.29315
0.77877,22,0.29315
0.7442,20,0.29041
0.73242,22,0.29041
0.75324,20,0.28767
0.74253,22,0.28767
0.73984,20,0.28493
0.72723,22,0.28493
0.70069,20,0.28219
0.728,22,0.28219
0.76815,20,0.27945
0.746,22,0.27945
0.74974,20,0.27671
0.73387,22,0.27671
0.73206,25,0.27671
0.78558,20,0.27397
0.76388,22,0.27397
0.77434,25,0.27397
0.82218,20,0.27123
0.80683,22,0.27123
0.82273,25,0.27123
0.84604,20,0.26849
0.83289,22,0.26849
0.85302,25,0.26849
0.81229,20,0.26575
0.80512,22,0.26575
0.81562,25,0.26575
0.86965,19,0.26301
0.8677,19.5,0.26301
0.85992,20,0.26301
0.84437,22,0.26301
0.83786,25,0.26301
0.84367,25.5,0.26301
0.84548,26,0.26301
0.85496,19,0.26027
0.85451,19.5,0.26027
0.84808,20,0.26027
0.83492,22,0.26027
0.82768,25,0.26027
0.82707,25.5,0.26027
0.82476,26,0.26027
0.83095,19,0.25753
0.83043,19.5,0.25753
0.82382,20,0.25753
0.80934,22,0.25753
0.79439,25,0.25753
0.79717,25.5,0.25753
0.79602,26,0.25753
0.77927,19,0.25479
0.77741,19.5,0.25479
0.76946,20,0.25479
0.74604,22,0.25479
0.71934,25,0.25479
0.71775,25.5,0.25479
0.71419,26,0.25479
0.79561,19,0.25205
0.791,19.5,0.25205
0.78061,20,0.25205
0.76125,22,0.25205
0.74844,25,0.25205
0.74959,25.5,0.25205
0.74674,26,0.25205
0.72647,19,0.24932
0.7214,19.5,0.24932
0.71359,20,0.24932
0.68683,22,0.24932
0.65124,25,0.24932
0.64662,25.5,0.24932
0.63983,26,0.24932
0.73324,19,0.24658
0.72978,19.5,0.24658
0.72019,20,0.24658
0.69412,22,0.24658
0.66104,25,0.24658
0.65797,25.5,0.24658
0.6527,26,0.24658
0.72301,19,0.24384
0.71863,19.5,0.24384
0.70817,20,0.24384
0.67843,22,0.24384
0.64301,25,0.24384
0.66901,25.5,0.24384
0.68977,26,0.24384
0.72136,19,0.2411
0.71559,19.5,0.2411
0.70703,20,0.2411
0.68203,22,0.2411
0.64741,25,0.2411
0.64536,25.5,0.2411
0.63892,26,0.2411
0.76492,19,0.23836
0.76086,19.5,0.23836
0.75396,20,0.23836
0.73123,22,0.23836
0.70321,25,0.23836
0.70014,25.5,0.23836
0.69493,26,0.23836
0.75005,19,0.23562
0.74734,19.5,0.23562
0.73822,20,0.23562
0.70878,22,0.23562
0.67301,25,0.23562
0.67068,25.5,0.23562
0.66606,26,0.23562
0.71144,19,0.23288
0.70593,19.5,0.23288
0.69424,20,0.23288
0.66422,22,0.23288
0.61711,25,0.23288
0.61457,25.5,0.23288
0.6074,26,0.23288
0.68151,19,0.23014
0.67635,19.5,0.23014
0.66476,20,0.23014
0.62337,22,0.23014
0.56379,25,0.23014
0.55793,25.5,0.23014
0.54718,26,0.23014
0.71804,19,0.2274
0.71159,19.5,0.2274
0.69901,20,0.2274
0.67346,22,0.2274
0.62216,25,0.2274
0.61862,25.5,0.2274
0.6104,26,0.2274
0.71925,19,0.22466
0.71346,19.5,0.22466
0.70137,20,0.22466
0.66203,22,0.22466
0.60712,25,0.22466
0.60222,25.5,0.22466
0.59258,26,0.22466
0.70606,19,0.22192
0.69957,19.5,0.22192
0.68677,20,0.22192
0.64145,22,0.22192
0.56679,25,0.22192
0.56268,25.5,0.22192
0.55563,26,0.22192
0.7242,19,0.21918
0.72079,19.5,0.21918
0.71061,20,0.21918
0.67005,22,0.21918
0.61303,25,0.21918
0.6081,25.5,0.21918
0.59841,26,0.21918
0.71829,19,0.21644
0.71446,19.5,0.21644
0.70384,20,0.21644
0.66124,22,0.21644
0.5956,25,0.21644
0.58987,25.5,0.21644
0.57925,26,0.21644
0.71307,19,0.2137
0.70322,19.5,0.2137
0.69076,20,0.2137
0.64578,22,0.2137
0.57431,25,0.2137
0.56549,25.5,0.2137
0.55386,26,0.2137
0.7387,19,0.21096
0.73242,19.5,0.21096
0.7231,20,0.21096
0.68537,22,0.21096
0.62974,25,0.21096
0.62122,25.5,0.21096
0.60802,26,0.21096
0.71187,19,0.20822
0.70485,19.5,0.20822
0.69471,20,0.20822
0.65271,22,0.20822
0.58246,25,0.20822
0.57171,25.5,0.20822
0.55812,26,0.20822
0.69895,19,0.20548
0.69075,19.5,0.20548
0.67946,20,0.20548
0.62973,22,0.20548
0.57816,24,0.20548
0.56667,24.5,0.20548
0.54997,25,0.20548
0.53703,25.5,0.20548
0.52093,26,0.20548
0.68672,19,0.20274
0.67602,19.5,0.20274
0.66237,20,0.20274
0.60597,22,0.20274
0.54544,24,0.20274
0.53288,24.5,0.20274
0.51469,25,0.20274
0.49986,25.5,0.20274
0.47906,26,0.20274
0.70985,19,0.2
0.69919,19.5,0.2
0.68225,20,0.2
0.63333,22,0.2
0.57705,24,0.2
0.56367,24.5,0.2
0.54697,25,0.2
0.54757,25.5,0.2
0.54464,26,0.2
0.64081,19,0.19726
0.62902,19.5,0.19726
0.61065,20,0.19726
0.54407,22,0.19726
0.46797,24,0.19726
0.4479,24.5,0.19726
0.42043,25,0.19726
0.39692,25.5,0.19726
0.36368,26,0.19726
0.66245,19,0.19452
0.64675,19.5,0.19452
0.62841,20,0.19452
0.5766,22,0.19452
0.51303,24,0.19452
0.49621,24.5,0.19452
0.47543,25,0.19452
0.48584,25.5,0.19452
0.48989,26,0.19452
0.63297,19,0.19178
0.6176,19.5,0.19178
0.59918,20,0.19178
0.53114,22,0.19178
0.45064,24,0.19178
0.42869,24.5,0.19178
0.40111,25,0.19178
0.36644,25.5,0.19178
0.31847,26,0.19178
0.657,19,0.18904
0.64595,19.5,0.18904
0.63143,20,0.18904
0.56645,22,0.18904
0.49552,24,0.18904
0.47655,24.5,0.18904
0.45291,25,0.18904
0.46888,25.5,0.18904
0.47845,26,0.18904
0.61022,19,0.1863
0.60101,19.5,0.1863
0.58777,20,0.1863
0.51865,22,0.1863
0.43826,24,0.1863
0.4165,24.5,0.1863
0.38624,25,0.1863
0.3642,25.5,0.1863
0.33054,26,0.1863
0.631,19,0.18356
0.62149,19.5,0.18356
0.60805,20,0.18356
0.53918,22,0.18356
0.4614,24,0.18356
0.44594,24.5,0.18356
0.42519,25,0.18356
0.41648,25.5,0.18356
0.39922,26,0.18356
0.60877,19,0.18082
0.60726,19.5,0.18082
0.59692,20,0.18082
0.53202,22,0.18082
0.45336,24,0.18082
0.43786,24.5,0.18082
0.41706,25,0.18082
0.40301,25.5,0.18082
0.38257,26,0.18082
0.63183,19,0.17808
0.63258,19.5,0.17808
0.62415,20,0.17808
0.56693,22,0.17808
0.49678,24,0.17808
0.48525,24.5,0.17808
0.46918,25,0.17808
0.46311,25.5,0.17808
0.44967,26,0.17808
0.66977,19,0.17534
0.66269,19.5,0.17534
0.65158,20,0.17534
0.59723,22,0.17534
0.53576,24,0.17534
0.52469,24.5,0.17534
0.5071,25,0.17534
0.50236,25.5,0.17534
0.4908,26,0.17534
0.74326,19,0.1726
0.73553,19.5,0.1726
0.72409,20,0.1726
0.67889,22,0.1726
0.63282,24,0.1726
0.62818,24.5,0.1726
0.61744,25,0.1726
0.6301,25.5,0.1726
0.63667,26,0.1726
0.69402,19,0.16986
0.68485,19.5,0.16986
0.66816,20,0.16986
0.60879,22,0.16986
0.54396,24,0.16986
0.53207,24.5,0.16986
0.51322,25,0.16986
0.51774,25.5,0.16986
0.49197,26,0.16986
0.67653,19,0.16712
0.66387,19.5,0.16712
0.64761,20,0.16712
0.58823,22,0.16712
0.51768,24,0.16712
0.4993,24.5,0.16712
0.47861,25,0.16712
0.46558,25.5,0.16712
0.455,26,0.16712
0.7072,19,0.16438
0.69644,19.5,0.16438
0.68187,20,0.16438
0.62784,22,0.16438
0.56579,24,0.16438
0.54681,24.5,0.16438
0.53374,25,0.16438
0.52643,25.5,0.16438
0.51705,26,0.16438
0.67633,19,0.16164
0.66583,19.5,0.16164
0.64757,20,0.16164
0.57997,22,0.16164
0.50691,24,0.16164
0.47975,24.5,0.16164
0.46029,25,0.16164
0.54624,25.5,0.16164
0.46993,26,0.16164
0.71942,19,0.1589
0.70917,19.5,0.1589
0.6951,20,0.1589
0.63953,22,0.1589
0.57777,24,0.1589
0.5615,24.5,0.1589
0.54881,25,0.1589
0.5394,25.5,0.1589
0.5306,26,0.1589
0.75475,18,0.15616
0.72973,19,0.15616
0.7207,19.5,0.15616
0.70372,20,0.15616
0.64687,22,0.15616
0.58835,24,0.15616
0.57371,24.5,0.15616
0.56016,25,0.15616
0.55261,25.5,0.15616
0.57672,26,0.15616
0.71312,18,0.15342
0.68528,19,0.15342
0.67449,19.5,0.15342
0.65565,20,0.15342
0.59168,22,0.15342
0.51606,24,0.15342
0.49812,24.5,0.15342
0.47489,25,0.15342
0.45931,25.5,0.15342
0.47649,26,0.15342
0.72659,18,0.15068
0.70827,19,0.15068
0.69291,19.5,0.15068
0.67431,20,0.15068
0.61596,22,0.15068
0.55405,24,0.15068
0.54002,24.5,0.15068
0.52145,25,0.15068
0.51123,25.5,0.15068
0.4986,26,0.15068
0.70372,18,0.14795
0.67588,19,0.14795
0.66402,19.5,0.14795
0.64382,20,0.14795
0.6109,21,0.14795
0.59657,21.5,0.14795
0.57846,22,0.14795
0.50212,24,0.14795
0.48432,24.5,0.14795
0.46155,25,0.14795
0.44657,25.5,0.14795
0.43092,26,0.14795
0.80715,18,0.14521
0.78642,19,0.14521
0.77867,19.5,0.14521
0.76222,20,0.14521
0.75209,20.5,0.14521
0.73851,21,0.14521
0.7296,21.5,0.14521
0.71715,22,0.14521
0.67065,24,0.14521
0.66299,24.5,0.14521
0.64901,25,0.14521
0.65006,25.5,0.14521
0.64963,26,0.14521
0.81454,18,0.14247
0.79359,19,0.14247
0.78575,19.5,0.14247
0.76913,20,0.14247
0.75888,20.5,0.14247
0.74516,21,0.14247
0.73615,21.5,0.14247
0.72356,22,0.14247
0.67653,24,0.14247
0.66876,24.5,0.14247
0.65732,25,0.14247
0.65563,25.5,0.14247
0.65515,26,0.14247
0.82749,18,0.13973
0.84365,19,0.13973
0.83568,19.5,0.13973
0.82934,20,0.13973
0.81431,20.5,0.13973
0.80584,21,0.13973
0.80233,21.5,0.13973
0.79099,22,0.13973
0.7536,24,0.13973
0.74651,24.5,0.13973
0.7362,25,0.13973
0.72837,25.5,0.13973
0.72004,26,0.13973
0.79246,18,0.13699
0.80482,19,0.13699
0.79511,19.5,0.13699
0.78692,20,0.13699
0.77487,20.5,0.13699
0.76402,21,0.13699
0.75795,21.5,0.13699
0.74413,22,0.13699
0.69838,24,0.13699
0.68783,24.5,0.13699
0.67387,25,0.13699
0.66482,25.5,0.13699
0.65484,26,0.13699
0.7519,18,0.13425
0.7281,19,0.13425
0.71362,19.5,0.13425
0.7065,20,0.13425
0.68996,20.5,0.13425
0.67932,21,0.13425
0.66885,21.5,0.13425
0.65061,22,0.13425
0.63652,22.5,0.13425
0.64884,23,0.13425
0.59489,24,0.13425
0.58123,24.5,0.13425
0.56348,25,0.13425
0.54713,25.5,0.13425
0.52908,26,0.13425
0.52221,26.5,0.13425
0.51033,27,0.13425
0.75821,18,0.13151
0.73177,19,0.13151
0.72195,19.5,0.13151
0.70787,20,0.13151
0.69511,20.5,0.13151
0.68304,21,0.13151
0.67122,21.5,0.13151
0.65169,22,0.13151
0.63988,22.5,0.13151
0.64739,23,0.13151
0.5908,24,0.13151
0.57866,24.5,0.13151
0.55932,25,0.13151
0.54129,25.5,0.13151
0.52409,26,0.13151
0.48322,26.5,0.13151
0.43664,27,0.13151
0.77309,18,0.12877
0.74052,19,0.12877
0.73355,19.5,0.12877
0.72168,20,0.12877
0.71045,20.5,0.12877
0.69513,21,0.12877
0.68425,21.5,0.12877
0.66921,22,0.12877
0.65747,22.5,0.12877
0.67115,23,0.12877
0.61374,24,0.12877
0.60087,24.5,0.12877
0.58357,25,0.12877
0.57017,25.5,0.12877
0.54926,26,0.12877
0.54525,26.5,0.12877
0.53334,27,0.12877
0.73722,18,0.12603
0.71207,19,0.12603
0.7025,19.5,0.12603
0.68829,20,0.12603
0.67518,20.5,0.12603
0.66255,21,0.12603
0.65405,21.5,0.12603
0.63699,22,0.12603
0.62345,22.5,0.12603
0.63591,23,0.12603
0.57716,24,0.12603
0.5621,24.5,0.12603
0.54233,25,0.12603
0.5234,25.5,0.12603
0.51311,26,0.12603
0.50273,26.5,0.12603
0.48646,27,0.12603
0.78685,18,0.12329
0.75095,19,0.12329
0.74061,19.5,0.12329
0.72587,20,0.12329
0.70751,20.5,0.12329
0.69522,21,0.12329
0.68729,21.5,0.12329
0.67468,22,0.12329
0.66166,22.5,0.12329
0.6787,23,0.12329
0.62742,24,0.12329
0.61641,24.5,0.12329
0.60085,25,0.12329
0.5865,25.5,0.12329
0.57302,26,0.12329
0.57676,26.5,0.12329
0.5727,27,0.12329
0.74609,18,0.12055
0.72235,19,0.12055
0.71337,19.5,0.12055
0.69389,20,0.12055
0.68157,20.5,0.12055
0.66958,21,0.12055
0.66172,21.5,0.12055
0.64493,22,0.12055
0.63169,22.5,0.12055
0.64503,23,0.12055
0.58572,24,0.12055
0.57369,24.5,0.12055
0.55371,25,0.12055
0.53457,25.5,0.12055
0.51577,26,0.12055
0.50818,26.5,0.12055
0.49169,27,0.12055
0.81597,18,0.11781
0.77671,19,0.11781
0.76749,19.5,0.11781
0.75379,20,0.11781
0.7365,20.5,0.11781
0.72665,21,0.11781
0.71731,21.5,0.11781
0.70368,22,0.11781
0.69451,22.5,0.11781
0.71091,23,0.11781
0.66326,24,0.11781
0.65432,24.5,0.11781
0.64103,25,0.11781
0.62953,25.5,0.11781
0.61658,26,0.11781
0.61599,26.5,0.11781
0.61058,27,0.11781
0.84851,18,0.11507
0.81017,19,0.11507
0.80177,19.5,0.11507
0.78883,20,0.11507
0.7781,20.5,0.11507
0.7687,21,0.11507
0.75999,21.5,0.11507
0.74706,22,0.11507
0.73883,22.5,0.11507
0.76076,23,0.11507
0.71476,24,0.11507
0.70732,24.5,0.11507
0.69568,25,0.11507
0.68613,25.5,0.11507
0.66676,26,0.11507
0.67475,26.5,0.11507
0.6779,27,0.11507
0.85427,18,0.11233
0.82889,19,0.11233
0.82198,19.5,0.11233
0.81025,20,0.11233
0.80073,20.5,0.11233
0.79254,21,0.11233
0.78502,21.5,0.11233
0.76853,22,0.11233
0.76184,22.5,0.11233
0.7861,23,0.11233
0.74229,24,0.11233
0.73639,24.5,0.11233
0.72625,25,0.11233
0.71834,25.5,0.11233
0.70639,26,0.11233
0.70778,26.5,0.11233
0.70192,27,0.11233
0.83124,18,0.10959
0.80082,19,0.10959
0.79651,19.5,0.10959
0.79348,20,0.10959
0.77224,20.5,0.10959
0.76011,21,0.10959
0.75447,21.5,0.10959
0.73913,22,0.10959
0.72918,22.5,0.10959
0.74724,23,0.10959
0.70117,24,0.10959
0.6791,24.5,0.10959
0.65392,25,0.10959
0.65352,25.5,0.10959
0.65986,26,0.10959
0.65506,26.5,0.10959
0.64281,27,0.10959
0.84418,18,0.10685
0.81041,19,0.10685
0.80453,19.5,0.10685
0.8001,20,0.10685
0.79011,20.5,0.10685
0.78128,21,0.10685
0.77803,21.5,0.10685
0.76476,22,0.10685
0.75631,22.5,0.10685
0.77905,23,0.10685
0.73115,24,0.10685
0.72659,24.5,0.10685
0.71412,25,0.10685
0.70687,25.5,0.10685
0.69817,26,0.10685
0.69388,26.5,0.10685
0.68504,27,0.10685
0.67466,27.5,0.10685
0.82045,18,0.10411
0.80781,19,0.10411
0.79768,19.5,0.10411
0.78294,20,0.10411
0.77816,20.5,0.10411
0.76785,21,0.10411
0.76407,21.5,0.10411
0.74987,22,0.10411
0.74113,22.5,0.10411
0.76131,23,0.10411
0.71228,24,0.10411
0.70816,24.5,0.10411
0.69582,25,0.10411
0.68565,25.5,0.10411
0.6772,26,0.10411
0.67311,26.5,0.10411
0.66425,27,0.10411
0.66512,27.5,0.10411
0.8412,18,0.10137
0.82916,19,0.10137
0.81053,19.5,0.10137
0.79691,20,0.10137
0.79347,20.5,0.10137
0.78418,21,0.10137
0.78154,21.5,0.10137
0.76813,22,0.10137
0.76028,22.5,0.10137
0.78201,23,0.10137
0.73399,24,0.10137
0.73088,24.5,0.10137
0.7194,25,0.10137
0.70698,25.5,0.10137
0.69972,26,0.10137
0.69693,26.5,0.10137
0.68938,27,0.10137
0.69175,27.5,0.10137
0.86573,18,0.09863
0.85972,19,0.09863
0.84742,19.5,0.09863
0.8309,20,0.09863
0.82469,20.5,0.09863
0.81321,21,0.09863
0.80864,21.5,0.09863
0.79365,22,0.09863
0.78908,22.5,0.09863
0.81352,23,0.09863
0.77011,24,0.09863
0.76897,24.5,0.09863
0.76272,25,0.09863
0.75518,25.5,0.09863
0.75263,26,0.09863
0.7515,26.5,0.09863
0.74573,27,0.09863
0.7268,27.5,0.09863
0.8487,18,0.09589
0.83442,19,0.09589
0.82884,19.5,0.09589
0.81744,20,0.09589
0.80914,20.5,0.09589
0.80254,21,0.09589
0.80266,21.5,0.09589
0.79103,22,0.09589
0.78509,22.5,0.09589
0.80998,23,0.09589
0.76753,24,0.09589
0.76586,24.5,0.09589
0.75551,25,0.09589
0.75091,25.5,0.09589
0.74797,26,0.09589
0.74956,26.5,0.09589
0.74624,27,0.09589
0.75023,27.5,0.09589
0.80563,18,0.093151
0.78653,19,0.093151
0.77451,19.5,0.093151
0.76701,20,0.093151
0.76181,20.5,0.093151
0.7575,21,0.093151
0.75323,21.5,0.093151
0.73734,22,0.093151
0.73287,22.5,0.093151
0.75469,23,0.093151
0.70824,24,0.093151
0.70272,24.5,0.093151
0.69183,25,0.093151
0.68286,25.5,0.093151
0.67856,26,0.093151
0.67517,26.5,0.093151
0.66337,27,0.093151
0.5983,27.5,0.093151
0.85602,18,0.090411
0.83955,19,0.090411
0.82886,19.5,0.090411
0.823,20,0.090411
0.81966,20.5,0.090411
0.81738,21,0.090411
0.81527,21.5,0.090411
0.80116,22,0.090411
0.79917,22.5,0.090411
0.8248,23,0.090411
0.78263,24,0.090411
0.77261,24.5,0.090411
0.76919,25,0.090411
0.76417,25.5,0.090411
0.76097,26,0.090411
0.77536,26.5,0.090411
0.78077,27,0.090411
0.78116,27.5,0.090411
0.867,18,0.087671
0.84414,19,0.087671
0.84151,19.5,0.087671
0.83187,20,0.087671
0.82512,20.5,0.087671
0.81264,21,0.087671
0.80857,21.5,0.087671
0.79266,22,0.087671
0.7888,22.5,0.087671
0.8172,23,0.087671
0.7708,24,0.087671
0.76634,24.5,0.087671
0.76021,25,0.087671
0.75248,25.5,0.087671
0.74991,26,0.087671
0.75182,26.5,0.087671
0.74521,27,0.087671
0.71823,27.5,0.087671
0.87498,18,0.084932
0.83865,19,0.084932
0.83765,19.5,0.084932
0.82897,20,0.084932
0.81466,20.5,0.084932
0.81092,21,0.084932
0.80726,21.5,0.084932
0.79136,22,0.084932
0.78763,22.5,0.084932
0.81652,23,0.084932
0.76918,24,0.084932
0.75651,24.5,0.084932
0.75038,25,0.084932
0.74246,25.5,0.084932
0.73621,26,0.084932
0.73787,26.5,0.084932
0.7307,27,0.084932
0.69951,27.5,0.084932
0.87697,18,0.082192
0.84469,19,0.082192
0.84609,19.5,0.082192
0.839,20,0.082192
0.8258,20.5,0.082192
0.81568,21,0.082192
0.81404,21.5,0.082192
0.80553,22,0.082192
0.79715,22.5,0.082192
0.81845,23,0.082192
0.76903,24,0.082192
0.76197,24.5,0.082192
0.75716,25,0.082192
0.75039,25.5,0.082192
0.74175,26,0.082192
0.74135,26.5,0.082192
0.73529,27,0.082192
0.73995,27.5,0.082192
0.88013,18,0.079452
0.86713,19,0.079452
0.86893,19.5,0.079452
0.86206,20,0.079452
0.84896,20.5,0.079452
0.83905,21,0.079452
0.83782,21.5,0.079452
0.8296,22,0.079452
0.82154,22.5,0.079452
0.85392,23,0.079452
0.80781,24,0.079452
0.80454,24.5,0.079452
0.7994,25,0.079452
0.7962,25.5,0.079452
0.79101,26,0.079452
0.79418,26.5,0.079452
0.79168,27,0.079452
0.79371,27.5,0.079452
0.93619,18,0.076712
0.92618,19,0.076712
0.93,19.5,0.076712
0.91413,20,0.076712
0.9038,20.5,0.076712
0.88831,21,0.076712
0.89149,21.5,0.076712
0.88023,22,0.076712
0.87641,22.5,0.076712
0.91533,23,0.076712
0.87532,24,0.076712
0.8763,24.5,0.076712
0.87539,25,0.076712
0.85738,25.5,0.076712
0.86497,26,0.076712
0.87713,26.5,0.076712
0.8799,27,0.076712
0.88752,27.5,0.076712
0.97244,18,0.073973
0.9561,19,0.073973
0.96768,19.5,0.073973
0.94405,20,0.073973
0.93981,20.5,0.073973
0.9196,21,0.073973
0.92195,21.5,0.073973
0.90925,22,0.073973
0.91243,22.5,0.073973
0.94388,23,0.073973
0.9045,24,0.073973
0.90347,24.5,0.073973
0.90546,25,0.073973
0.90569,25.5,0.073973
0.90819,26,0.073973
0.87559,26.5,0.073973
0.84036,27,0.073973
0.8404,27.5,0.073973
1.0512,18,0.071233
1.0235,19,0.071233
1.0302,19.5,0.071233
1.0158,20,0.071233
1.0075,20.5,0.071233
0.98447,21,0.071233
0.98404,21.5,0.071233
0.96937,22,0.071233
0.97101,22.5,0.071233
1.0017,23,0.071233
0.96088,24,0.071233
0.95975,24.5,0.071233
0.96197,25,0.071233
0.9626,25.5,0.071233
0.96576,26,0.071233
0.9332,26.5,0.071233
0.89812,27,0.071233
0.89934,27.5,0.071233
1.0986,18,0.068493
1.0657,19,0.068493
1.0702,19.5,0.068493
1.0542,20,0.068493
1.0446,20.5,0.068493
1.0204,21,0.068493
1.0191,21.5,0.068493
1.0111,22,0.068493
1.0115,22.5,0.068493
1.0476,23,0.068493
1.0094,24,0.068493
1.0072,24.5,0.068493
1.0131,25,0.068493
1.0128,25.5,0.068493
1.0154,26,0.068493
1.0242,26.5,0.068493
1.0237,27,0.068493
1.0291,27.5,0.068493
1.0997,18,0.065753
1.0648,19,0.065753
1.0685,19.5,0.065753
1.0514,20,0.065753
1.0408,20.5,0.065753
1.0154,21,0.065753
1.013,21.5,0.065753
1.0039,22,0.065753
1.0031,22.5,0.065753
1.0382,23,0.065753
0.99711,24,0.065753
0.99339,24.5,0.065753
0.99781,25,0.065753
0.99595,25.5,0.065753
0.99684,26,0.065753
1.0078,26.5,0.065753
1.009,27,0.065753
1.0123,27.5,0.065753
1.102,18,0.063014
1.0742,19,0.063014
1.0716,19.5,0.063014
1.0501,20,0.063014
1.035,20.5,0.063014
1.015,21,0.063014
1.0155,21.5,0.063014
1.0083,22,0.063014
1.0081,22.5,0.063014
1.0533,23,0.063014
1.0107,24,0.063014
1.0098,24.5,0.063014
1.0118,25,0.063014
1.016,25.5,0.063014
1.0181,26,0.063014
1.0261,26.5,0.063014
1.0283,27,0.063014
1.0361,27.5,0.063014
1.0637,28,0.063014
1.1456,18,0.060274
1.1125,19,0.060274
1.1078,19.5,0.060274
1.0845,20,0.060274
1.0779,20.5,0.060274
1.0733,21,0.060274
1.0698,21.5,0.060274
1.0594,22,0.060274
1.0564,22.5,0.060274
1.0938,23,0.060274
1.0481,24,0.060274
1.0414,24.5,0.060274
1.0428,25,0.060274
1.0423,25.5,0.060274
1.0401,26,0.060274
1.0443,26.5,0.060274
1.0428,27,0.060274
1.0547,27.5,0.060274
1.0719,28,0.060274
1.1723,18,0.057534
1.1444,19,0.057534
1.1291,19.5,0.057534
1.1206,20,0.057534
1.116,20.5,0.057534
1.1135,21,0.057534
1.1118,21.5,0.057534
1.1029,22,0.057534
1.1016,22.5,0.057534
1.118,23,0.057534
1.0876,24,0.057534
1.0881,24.5,0.057534
1.0822,25,0.057534
1.0843,25.5,0.057534
1.0845,26,0.057534
1.0912,26.5,0.057534
1.088,27,0.057534
1.0989,27.5,0.057534
1.0629,28,0.057534
1.2665,18,0.054795
1.2358,19,0.054795
1.2198,19.5,0.054795
1.2232,20,0.054795
1.2175,20.5,0.054795
1.2146,21,0.054795
1.2214,21.5,0.054795
1.2121,22,0.054795
1.2111,22.5,0.054795
1.2099,23,0.054795
1.2112,24,0.054795
1.213,24.5,0.054795
1.2134,25,0.054795
1.2174,25.5,0.054795
1.2242,26,0.054795
1.2336,26.5,0.054795
1.2332,27,0.054795
1.2516,27.5,0.054795
1.2566,28,0.054795
1.249,18,0.052055
1.1888,19,0.052055
1.1543,19.5,0.052055
1.1537,20,0.052055
1.1442,20.5,0.052055
1.1371,21,0.052055
1.1311,21.5,0.052055
1.118,22,0.052055
1.1129,22.5,0.052055
1.1071,23,0.052055
1.0981,24,0.052055
1.0941,24.5,0.052055
1.0885,25,0.052055
1.0859,25.5,0.052055
1.0814,26,0.052055
1.0836,26.5,0.052055
1.0795,27,0.052055
1.0737,27.5,0.052055
1.0899,28,0.052055
1.2864,18,0.049315
1.2295,19,0.049315
1.2242,19.5,0.049315
1.2108,20,0.049315
1.2019,20.5,0.049315
1.186,21,0.049315
1.1821,21.5,0.049315
1.1626,22,0.049315
1.1672,22.5,0.049315
1.1632,23,0.049315
1.1522,24,0.049315
1.1504,24.5,0.049315
1.1469,25,0.049315
1.1466,25.5,0.049315
1.1488,26,0.049315
1.1578,26.5,0.049315
1.1601,27,0.049315
1.1688,27.5,0.049315
1.1877,28,0.049315
1.2602,18,0.046575
1.2159,19,0.046575
1.2182,19.5,0.046575
1.1964,20,0.046575
1.1938,20.5,0.046575
1.1928,21,0.046575
1.1922,21.5,0.046575
1.183,22,0.046575
1.1821,22.5,0.046575
1.1731,23,0.046575
1.166,24,0.046575
1.1658,24.5,0.046575
1.1636,25,0.046575
1.1596,25.5,0.046575
1.1585,26,0.046575
1.1645,26.5,0.046575
1.1594,27,0.046575
1.1739,27.5,0.046575
1.1942,28,0.046575
1.3209,18,0.043836
1.2766,19,0.043836
1.2638,19.5,0.043836
1.2438,20,0.043836
1.2441,20.5,0.043836
1.2347,21,0.043836
1.2379,21.5,0.043836
1.2225,22,0.043836
1.2175,22.5,0.043836
1.2122,23,0.043836
1.1871,24,0.043836
1.1862,24.5,0.043836
1.1833,25,0.043836
1.1787,25.5,0.043836
1.1773,26,0.043836
1.1785,26.5,0.043836
1.1731,27,0.043836
1.1836,27.5,0.043836
1.2044,28,0.043836
1.3247,18,0.041096
1.2766,19,0.041096
1.2618,19.5,0.041096
1.2544,20,0.041096
1.2508,20.5,0.041096
1.2379,21,0.041096
1.2376,21.5,0.041096
1.219,22,0.041096
1.2106,22.5,0.041096
1.2094,23,0.041096
1.1954,24,0.041096
1.1894,24.5,0.041096
1.1815,25,0.041096
1.1772,25.5,0.041096
1.1757,26,0.041096
1.1765,26.5,0.041096
1.1702,27,0.041096
1.1347,27.5,0.041096
1.1603,28,0.041096
1.2719,18,0.038356
1.2435,19,0.038356
1.2369,19.5,0.038356
1.2203,20,0.038356
1.2248,20.5,0.038356
1.2049,21,0.038356
1.2005,21.5,0.038356
1.1866,22,0.038356
1.1741,22.5,0.038356
1.1698,23,0.038356
1.1628,24,0.038356
1.159,24.5,0.038356
1.1527,25,0.038356
1.1548,25.5,0.038356
1.1537,26,0.038356
1.1594,26.5,0.038356
1.1523,27,0.038356
1.152,27.5,0.038356
1.1719,28,0.038356
1.3461,18,0.035616
1.3185,19,0.035616
1.2925,19.5,0.035616
1.261,20,0.035616
1.2728,20.5,0.035616
1.2701,21,0.035616
1.2686,21.5,0.035616
1.2465,22,0.035616
1.2371,22.5,0.035616
1.2363,23,0.035616
1.2217,24,0.035616
1.2154,24.5,0.035616
1.2071,25,0.035616
1.2025,25.5,0.035616
1.2008,26,0.035616
1.2066,26.5,0.035616
1.199,27,0.035616
1.2133,27.5,0.035616
1.2099,28,0.035616
1.4221,18,0.032877
1.4089,19,0.032877
1.387,19.5,0.032877
1.3586,20,0.032877
1.3607,20.5,0.032877
1.3508,21,0.032877
1.3453,21.5,0.032877
1.3302,22,0.032877
1.3077,22.5,0.032877
1.3079,23,0.032877
1.3038,24,0.032877
1.2993,24.5,0.032877
1.2997,25,0.032877
1.2975,25.5,0.032877
1.3046,26,0.032877
1.314,26.5,0.032877
1.3146,27,0.032877
1.3332,27.5,0.032877
1.3333,28,0.032877
1.4235,18,0.030137
1.4049,19,0.030137
1.3799,19.5,0.030137
1.3482,20,0.030137
1.3473,20.5,0.030137
1.3341,21,0.030137
1.3251,21.5,0.030137
1.3062,22,0.030137
1.3009,22.5,0.030137
1.3042,23,0.030137
1.2707,24,0.030137
1.2606,24.5,0.030137
1.2485,25,0.030137
1.2407,25.5,0.030137
1.2241,26,0.030137
1.2281,26.5,0.030137
1.2171,27,0.030137
1.2296,27.5,0.030137
1.3154,28,0.030137
1.5613,18,0.027397
1.5191,19,0.027397
1.4859,19.5,0.027397
1.4472,20,0.027397
1.4396,20.5,0.027397
1.436,21,0.027397
1.4337,21.5,0.027397
1.4081,22,0.027397
1.3861,22.5,0.027397
1.376,23,0.027397
1.353,24,0.027397
1.3318,24.5,0.027397
1.324,25,0.027397
1.3199,25.5,0.027397
1.3125,26,0.027397
1.3137,26.5,0.027397
1.3054,27,0.027397
1.3161,27.5,0.027397
1.328,28,0.027397
1.3416,28.5,0.027397
1.7141,18,0.024658
1.6006,19,0.024658
1.5889,19.5,0.024658
1.5457,20,0.024658
1.5348,20.5,0.024658
1.5129,21,0.024658
1.5105,21.5,0.024658
1.4834,22,0.024658
1.4602,22.5,0.024658
1.4495,23,0.024658
1.4336,24,0.024658
1.4186,24.5,0.024658
1.4165,25,0.024658
1.404,25.5,0.024658
1.4019,26,0.024658
1.3835,26.5,0.024658
1.3565,27,0.024658
1.3448,27.5,0.024658
1.3811,28,0.024658
1.39,28.5,0.024658
1.7616,18,0.021918
1.6389,19,0.021918
1.6243,19.5,0.021918
1.5767,20,0.021918
1.5626,20.5,0.021918
1.5369,21,0.021918
1.5168,21.5,0.021918
1.4868,22,0.021918
1.4605,22.5,0.021918
1.4572,23,0.021918
1.441,24,0.021918
1.4201,24.5,0.021918
1.4199,25,0.021918
1.4076,25.5,0.021918
1.4052,26,0.021918
1.3915,26.5,0.021918
1.3675,27,0.021918
1.3646,27.5,0.021918
1.3448,28,0.021918
1.3509,28.5,0.021918
1.8107,18,0.019178
1.7049,19,0.019178
1.6821,19.5,0.019178
1.648,20,0.019178
1.642,20.5,0.019178
1.621,21,0.019178
1.617,21.5,0.019178
1.5857,22,0.019178
1.568,22.5,0.019178
1.5491,23,0.019178
1.5142,24,0.019178
1.5046,24.5,0.019178
1.4904,25,0.019178
1.4791,25.5,0.019178
1.463,26,0.019178
1.4628,26.5,0.019178
1.4436,27,0.019178
1.4327,27.5,0.019178
1.4429,28,0.019178
1.435,28.5,0.019178
1.8824,18,0.016438
1.7466,19,0.016438
1.7085,19.5,0.016438
1.6602,20,0.016438
1.622,20.5,0.016438
1.5896,21,0.016438
1.5741,21.5,0.016438
1.5434,22,0.016438
1.5234,22.5,0.016438
1.4891,23,0.016438
1.4397,24,0.016438
1.4029,24.5,0.016438
1.3772,25,0.016438
1.3447,25.5,0.016438
1.3125,26,0.016438
1.2872,26.5,0.016438
1.2456,27,0.016438
1.2315,27.5,0.016438
1.1773,28,0.016438
1.182,28.5,0.016438
2.15,18,0.013699
2.0089,19,0.013699
1.9766,19.5,0.013699
1.931,20,0.013699
1.9108,20.5,0.013699
1.8908,21,0.013699
1.8835,21.5,0.013699
1.8459,22,0.013699
1.8314,22.5,0.013699
1.8009,23,0.013699
1.7676,24,0.013699
1.7511,24.5,0.013699
1.7194,25,0.013699
1.6145,25.5,0.013699
1.6715,26,0.013699
1.6537,26.5,0.013699
1.7421,27,0.013699
1.7346,27.5,0.013699
1.7378,28,0.013699
1.6936,28.5,0.013699
2.3551,18,0.010959
2.2502,19,0.010959
2.229,19.5,0.010959
2.1894,20,0.010959
2.1544,20.5,0.010959
2.1041,21,0.010959
2.1025,21.5,0.010959
2.0661,22,0.010959
2.0275,22.5,0.010959
1.9977,23,0.010959
1.9439,24,0.010959
1.9174,24.5,0.010959
1.8933,25,0.010959
1.8614,25.5,0.010959
1.8495,26,0.010959
1.8838,26.5,0.010959
1.8824,27,0.010959
1.8734,27.5,0.010959
1.8666,28,0.010959
1.8435,28.5,0.010959
2.7274,18,0.0082192
2.6989,19,0.0082192
2.6509,19.5,0.0082192
2.6128,20,0.0082192
2.5799,20.5,0.0082192
2.5288,21,0.0082192
2.5177,21.5,0.0082192
2.4685,22,0.0082192
2.4497,22.5,0.0082192
2.4251,23,0.0082192
2.384,24,0.0082192
2.3531,24.5,0.0082192
2.3382,25,0.0082192
2.3151,25.5,0.0082192
2.3056,26,0.0082192
2.3191,26.5,0.0082192
2.3242,27,0.0082192
2.3425,27.5,0.0082192
2.3542,28,0.0082192
2.36,28.5,0.0082192
3.4758,18,0.0054795
3.4326,19,0.0054795
3.354,19.5,0.0054795
3.3297,20,0.0054795
3.3104,20.5,0.0054795
3.2923,21,0.0054795
3.2731,21.5,0.0054795
3.2301,22,0.0054795
3.2069,22.5,0.0054795
2.6262,23,0.0054795
3.158,24,0.0054795
3.1584,24.5,0.0054795
3.1499,25,0.0054795
3.147,25.5,0.0054795
3.1359,26,0.0054795
3.1428,26.5,0.0054795
3.1793,27,0.0054795
3.2078,27.5,0.0054795
3.2294,28,0.0054795
3.2699,28.5,0.0054795
4.9263,18,0.0027397
4.8661,19,0.0027397
4.7554,19.5,0.0027397
4.7215,20,0.0027397
4.6947,20.5,0.0027397
4.6697,21,0.0027397
4.6761,21.5,0.0027397
4.6431,22,0.0027397
4.6059,22.5,0.0027397
4.6142,23,0.0027397
4.5947,24,0.0027397
4.5902,24.5,0.0027397
4.5943,25,0.0027397
4.6058,25.5,0.0027397
4.6241,26,0.0027397
4.6491,26.5,0.0027397
4.7344,27,0.0027397
4.7736,27.5,0.0027397
4.8393,28,0.0027397
4.8979,28.5,0.0027397
